TdTcAdAc 314314 7850 1712304
 TdTcAhAc 326399 6471 1712304
 TdTcAsAc 326399 6471 1712304
 ThTcAsAc 326399 6471 1712304
 ThTcAhAc 314314 7850 1712304
 TdTcAsAh 338484 5092 1712304
 ThTcAhAd 326399 6471 1712304
 TdTcAsAd 326399 6471 1712304
 TdTcAhAd 326399 6471 1712304
 ThTcAdAc 326399 6471 1712304
 ThTcAsAd 338484 5092 1712304
 ThTcAsAh 326399 6471 1712304
 TsTcAdAc 326399 6471 1712304
 TsTcAhAc 326399 6471 1712304
 TsTcAsAc 314314 7850 1712304
 TsTcAhAd 338484 5092 1712304
 TsTcAsAd 326399 6471 1712304
 ThTdAdAc 326399 6471 1712304
 ThTdAhAc 326399 6471 1712304
 TsTcAsAh 326399 6471 1712304
 ThTdAsAc 338484 5092 1712304
 ThTdAhAd 314314 7850 1712304
 ThTdAsAd 326399 6471 1712304
 TsTdAsAc 326399 6471 1712304
 ThTdAsAh 326399 6471 1712304
 TsTdAhAc 338484 5092 1712304
 TsTdAhAd 326399 6471 1712304
 TsTdAdAc 326399 6471 1712304
 TsTdAsAh 326399 6471 1712304
 TsTdAsAd 314314 7850 1712304
 TsThAdAc 338484 5092 1712304
 TsThAhAc 326399 6471 1712304
 TsThAsAc 326399 6471 1712304
 TsThAhAd 326399 6471 1712304
 JdJcAhAc 319325 6955 1712304
 TsThAsAd 326399 6471 1712304
 TsThAsAh 314314 7850 1712304
 JdJcAdAc 307096 8336 1712304
 JdJcAsAc 319325 6955 1712304
 JdJcAhAd 319325 6955 1712304
 JdJcAsAd 319325 6955 1712304
 JdJcAsAh 331554 5574 1712304
 JhJcAdAc 319325 6955 1712304
 JhJcAhAc 307096 8336 1712304
 JhJcAhAd 319325 6955 1712304
 JhJcAsAd 331554 5574 1712304
 JhJcAsAc 319325 6955 1712304
 JhJcAsAh 319325 6955 1712304
 JsJcAdAc 319325 6955 1712304
 JsJcAhAc 319325 6955 1712304
 JsJcAsAc 307096 8336 1712304
 JsJcAhAd 331554 5574 1712304
 JsJcAsAd 319325 6955 1712304
 JhJdAhAc 319325 6955 1712304
 JsJcAsAh 319325 6955 1712304
 JhJdAdAc 319325 6955 1712304
 JhJdAsAc 331554 5574 1712304
 JhJdAhAd 307096 8336 1712304
 JhJdAsAh 319325 6955 1712304
 JhJdAsAd 319325 6955 1712304
 JsJdAdAc 319325 6955 1712304
 JsJdAhAc 331554 5574 1712304
 JsJdAsAc 319325 6955 1712304
 JsJdAsAd 307096 8336 1712304
 JsJhAdAc 331554 5574 1712304
 JsJdAhAd 319325 6955 1712304
 JsJdAsAh 319325 6955 1712304
 JsJhAhAc 319325 6955 1712304
 JsJhAsAc 319325 6955 1712304
 JsJhAhAd 319325 6955 1712304
 JsJhAsAd 319325 6955 1712304
 JsJhAsAh 307096 8336 1712304
 QdQcAdAc 299878 8822 1712304
 QdQcAsAc 312251 7439 1712304
 QdQcAhAc 312251 7439 1712304
 QdQcAsAd 312251 7439 1712304
 QdQcAsAh 324624 6056 1712304
 QhQcAhAc 299878 8822 1712304
 QdQcAhAd 312251 7439 1712304
 QhQcAdAc 312251 7439 1712304
 QhQcAsAc 312251 7439 1712304
 QhQcAsAd 324624 6056 1712304
 QhQcAhAd 312251 7439 1712304
 QhQcAsAh 312251 7439 1712304
 QsQcAdAc 312251 7439 1712304
 QsQcAsAc 299878 8822 1712304
 QsQcAhAc 312251 7439 1712304
 QsQcAhAd 324624 6056 1712304
 QsQcAsAh 312251 7439 1712304
 QsQcAsAd 312251 7439 1712304
 QhQdAdAc 312251 7439 1712304
 QhQdAsAc 324624 6056 1712304
 QhQdAhAc 312251 7439 1712304
 QhQdAhAd 299878 8822 1712304
 QhQdAsAd 312251 7439 1712304
 QhQdAsAh 312251 7439 1712304
 QsQdAdAc 312251 7439 1712304
 QsQdAhAc 324624 6056 1712304
 QsQdAhAd 312251 7439 1712304
 QsQdAsAc 312251 7439 1712304
 QsQdAsAd 299878 8822 1712304
 QsQdAsAh 312251 7439 1712304
 QsQhAdAc 324624 6056 1712304
 QsQhAhAc 312251 7439 1712304
 QsQhAsAd 312251 7439 1712304
 QsQhAsAc 312251 7439 1712304
 QsQhAhAd 312251 7439 1712304
 QsQhAsAh 299878 8822 1712304
 KdKcAdAc 292660 9308 1712304
 KdKcAhAc 305177 7923 1712304
 KdKcAsAc 305177 7923 1712304
 KdKcAhAd 305177 7923 1712304
 KdKcAsAd 305177 7923 1712304
 KdKcAsAh 317694 6538 1712304
 KhKcAdAc 305177 7923 1712304
 KhKcAhAc 292660 9308 1712304
 KhKcAsAc 305177 7923 1712304
 KhKcAhAd 305177 7923 1712304
 KhKcAsAd 317694 6538 1712304
 KhKcAsAh 305177 7923 1712304
 KsKcAdAc 305177 7923 1712304
 KsKcAhAc 305177 7923 1712304
 KsKcAsAc 292660 9308 1712304
 KsKcAhAd 317694 6538 1712304
 KsKcAsAd 305177 7923 1712304
 KsKcAsAh 305177 7923 1712304
 KhKdAhAc 305177 7923 1712304
 KhKdAdAc 305177 7923 1712304
 KhKdAsAc 317694 6538 1712304
 KhKdAhAd 292660 9308 1712304
 KhKdAsAd 305177 7923 1712304
 KhKdAsAh 305177 7923 1712304
 KsKdAdAc 305177 7923 1712304
 KsKdAhAc 317694 6538 1712304
 KsKdAhAd 305177 7923 1712304
 KsKdAsAh 305177 7923 1712304
 KsKdAsAc 305177 7923 1712304
 KsKdAsAd 292660 9308 1712304
 KsKhAhAc 305177 7923 1712304
 KsKhAdAc 317694 6538 1712304
 KsKhAsAc 305177 7923 1712304
 KsKhAhAd 305177 7923 1712304
 KsKhAsAd 305177 7923 1712304
 KsKhAsAh 292660 9308 1712304
 AdAcAsAh 37210 1637884 1712304
 AhAcAsAd 37210 1637884 1712304
 AsAcAhAd 37210 1637884 1712304
 AhAdAsAc 37210 1637884 1712304
 AsAdAhAc 37210 1637884 1712304
 AsAhAdAc 37210 1637884 1712304
 AcQdAhAd 107904 22830 1712304
 AcQdAsAd 107904 22830 1712304
 AcQdAsAh 123893 21208 1712304
 AcQhAhAd 107904 22830 1712304
 AcQhAsAd 123893 21208 1712304
 AcQhAsAh 107904 22830 1712304
 AcQsAhAd 123893 21208 1712304
 AcQsAsAd 107904 22830 1712304
 AcQsAsAh 107904 22830 1712304
 AdQcAhAc 107904 22830 1712304
 AdQcAsAc 107904 22830 1712304
 AdQcAsAh 123893 21208 1712304
 AdQhAhAc 107904 22830 1712304
 AdQhAsAc 123893 21208 1712304
 AdQhAsAh 107904 22830 1712304
 AdQsAhAc 123893 21208 1712304
 AdQsAsAc 107904 22830 1712304
 AdQsAsAh 107904 22830 1712304
 AhQcAdAc 107904 22830 1712304
 AhQcAsAc 107904 22830 1712304
 AhQcAsAd 123893 21208 1712304
 AhQdAdAc 107904 22830 1712304
 AhQdAsAc 123893 21208 1712304
 AhQdAsAd 107904 22830 1712304
 AhQsAdAc 123893 21208 1712304
 AhQsAsAc 107904 22830 1712304
 AhQsAsAd 107904 22830 1712304
 AsQcAhAc 107904 22830 1712304
 AsQcAdAc 107904 22830 1712304
 AsQcAhAd 123893 21208 1712304
 AsQdAdAc 107904 22830 1712304
 AsQdAhAc 123893 21208 1712304
 AsQdAhAd 107904 22830 1712304
 AsQhAhAc 107904 22830 1712304
 AsQhAdAc 123893 21208 1712304
 AsQhAhAd 107904 22830 1712304
 AcQcAhAd 204050 21315 1712304
 AcQcAsAd 204050 21315 1712304
 AcQcAsAh 204050 21315 1712304
 AdQdAhAc 204050 21315 1712304
 AdQdAsAc 204050 21315 1712304
 AhQhAdAc 204050 21315 1712304
 AdQdAsAh 204050 21315 1712304
 AhQhAsAc 204050 21315 1712304
 AhQhAsAd 204050 21315 1712304
 AsQsAdAc 204050 21315 1712304
 AsQsAhAc 204050 21315 1712304
 AsQsAhAd 204050 21315 1712304
 AcKdAhAd 100271 23072 1712304
 AcKdAsAd 100271 23072 1712304
 AcKdAsAh 116416 21449 1712304
 AcKhAhAd 100271 23072 1712304
 AcKhAsAd 116416 21449 1712304
 AcKhAsAh 100271 23072 1712304
 AcKsAhAd 116416 21449 1712304
 AcKsAsAd 100271 23072 1712304
 AcKsAsAh 100271 23072 1712304
 AdKcAhAc 100271 23072 1712304
 AdKcAsAc 100271 23072 1712304
 AdKcAsAh 116416 21449 1712304
 AdKhAhAc 100271 23072 1712304
 AdKhAsAc 116416 21449 1712304
 AdKhAsAh 100271 23072 1712304
 AdKsAhAc 116416 21449 1712304
 AdKsAsAc 100271 23072 1712304
 AdKsAsAh 100271 23072 1712304
 AhKcAdAc 100271 23072 1712304
 AhKcAsAc 100271 23072 1712304
 AhKcAsAd 116416 21449 1712304
 AhKdAdAc 100271 23072 1712304
 AhKdAsAc 116416 21449 1712304
 AhKdAsAd 100271 23072 1712304
 AhKsAdAc 116416 21449 1712304
 AhKsAsAc 100271 23072 1712304
 AhKsAsAd 100271 23072 1712304
 AsKcAdAc 100271 23072 1712304
 AsKcAhAc 100271 23072 1712304
 AsKcAhAd 116416 21449 1712304
 AsKdAdAc 100271 23072 1712304
 AsKdAhAc 116416 21449 1712304
 AsKdAhAd 100271 23072 1712304
 AsKhAdAc 116416 21449 1712304
 AsKhAhAc 100271 23072 1712304
 AsKhAhAd 100271 23072 1712304
 AcKcAhAd 197131 21503 1712304
 AcKcAsAd 197131 21503 1712304
 AcKcAsAh 197131 21503 1712304
 AdKdAhAc 197131 21503 1712304
 AdKdAsAc 197131 21503 1712304
 AdKdAsAh 197131 21503 1712304
 AhKhAdAc 197131 21503 1712304
 AhKhAsAc 197131 21503 1712304
 AhKhAsAd 197131 21503 1712304
 AsKsAdAc 197131 21503 1712304
 AsKsAhAc 197131 21503 1712304
 AsKsAhAd 197131 21503 1712304
 KcQdAdAc 203161 8347 1712304
 KcQdAhAc 217039 6976 1712304
 KcQdAsAc 217039 6976 1712304
 KcQdAhAd 217081 6976 1712304
 KcQdAsAd 217081 6976 1712304
 KcQdAsAh 230959 5605 1712304
 KcQhAhAc 203161 8347 1712304
 KcQhAdAc 217039 6976 1712304
 KcQhAsAc 217039 6976 1712304
 KcQhAhAd 217081 6976 1712304
 KcQhAsAd 230959 5605 1712304
 KcQhAsAh 217081 6976 1712304
 KcQsAdAc 217039 6976 1712304
 KcQsAsAc 203161 8347 1712304
 KcQsAhAc 217039 6976 1712304
 KcQsAhAd 230959 5605 1712304
 KcQsAsAh 217081 6976 1712304
 KcQsAsAd 217081 6976 1712304
 KdQcAdAc 203161 8347 1712304
 KdQcAhAc 217081 6976 1712304
 KdQcAsAc 217081 6976 1712304
 KdQcAhAd 217039 6976 1712304
 KdQcAsAd 217039 6976 1712304
 KdQcAsAh 230959 5605 1712304
 KdQhAdAc 217039 6976 1712304
 KdQhAhAc 217081 6976 1712304
 KdQhAhAd 203161 8347 1712304
 KdQhAsAc 230959 5605 1712304
 KdQhAsAd 217039 6976 1712304
 KdQhAsAh 217081 6976 1712304
 KdQsAdAc 217039 6976 1712304
 KdQsAhAc 230959 5605 1712304
 KdQsAsAc 217081 6976 1712304
 KdQsAhAd 217039 6976 1712304
 KdQsAsAd 203161 8347 1712304
 KdQsAsAh 217081 6976 1712304
 KhQcAdAc 217081 6976 1712304
 KhQcAhAc 203161 8347 1712304
 KhQcAsAc 217081 6976 1712304
 KhQcAhAd 217039 6976 1712304
 KhQcAsAd 230959 5605 1712304
 KhQcAsAh 217039 6976 1712304
 KhQdAdAc 217081 6976 1712304
 KhQdAhAc 217039 6976 1712304
 KhQdAsAc 230959 5605 1712304
 KhQdAhAd 203161 8347 1712304
 KhQdAsAd 217081 6976 1712304
 KhQdAsAh 217039 6976 1712304
 KhQsAdAc 230959 5605 1712304
 KhQsAhAc 217039 6976 1712304
 KhQsAsAc 217081 6976 1712304
 KhQsAhAd 217039 6976 1712304
 KhQsAsAd 217081 6976 1712304
 KhQsAsAh 203161 8347 1712304
 KsQcAdAc 217081 6976 1712304
 KsQcAhAc 217081 6976 1712304
 KsQcAhAd 230959 5605 1712304
 KsQcAsAc 203161 8347 1712304
 KsQcAsAd 217039 6976 1712304
 KsQdAdAc 217081 6976 1712304
 KsQcAsAh 217039 6976 1712304
 KsQdAhAc 230959 5605 1712304
 KsQdAsAc 217039 6976 1712304
 KsQdAhAd 217081 6976 1712304
 KsQdAsAd 203161 8347 1712304
 KsQdAsAh 217039 6976 1712304
 KsQhAdAc 230959 5605 1712304
 KsQhAhAc 217081 6976 1712304
 KsQhAsAc 217039 6976 1712304
 KsQhAhAd 217081 6976 1712304
 KsQhAsAd 217039 6976 1712304
 KsQhAsAh 203161 8347 1712304
 KcQcAdAc 277634 7872 1712304
 KcQcAhAc 277634 7872 1712304
 KcQcAsAc 277634 7872 1712304
 KcQcAhAd 299588 6453 1712304
 KcQcAsAd 299588 6453 1712304
 KcQcAsAh 299588 6453 1712304
 KdQdAdAc 277634 7872 1712304
 KdQdAhAc 299588 6453 1712304
 KdQdAsAc 299588 6453 1712304
 KdQdAhAd 277634 7872 1712304
 KdQdAsAd 277634 7872 1712304
 KdQdAsAh 299588 6453 1712304
 KhQhAdAc 299588 6453 1712304
 KhQhAhAc 277634 7872 1712304
 KhQhAsAc 299588 6453 1712304
 KhQhAhAd 277634 7872 1712304
 KhQhAsAd 299588 6453 1712304
 KhQhAsAh 277634 7872 1712304
 KsQsAdAc 299588 6453 1712304
 KsQsAhAc 299588 6453 1712304
 KsQsAsAc 277634 7872 1712304
 KsQsAhAd 299588 6453 1712304
 KsQsAsAd 277634 7872 1712304
 KsQsAsAh 277634 7872 1712304
 TdTcAhAc 326399 6471 1712304
 TdTcAsAc 326399 6471 1712304
 TdTcAdAc 314314 7850 1712304
 TdTcAhAd 326399 6471 1712304
 TdTcAsAd 326399 6471 1712304
 ThTcAdAc 326399 6471 1712304
 TdTcAsAh 338484 5092 1712304
 ThTcAhAc 314314 7850 1712304
 ThTcAsAc 326399 6471 1712304
 ThTcAsAd 338484 5092 1712304
 ThTcAhAd 326399 6471 1712304
 ThTcAsAh 326399 6471 1712304
 TsTcAsAc 314314 7850 1712304
 TsTcAdAc 326399 6471 1712304
 TsTcAhAc 326399 6471 1712304
 TsTcAhAd 338484 5092 1712304
 TsTcAsAh 326399 6471 1712304
 TsTcAsAd 326399 6471 1712304
 ThTdAdAc 326399 6471 1712304
 ThTdAhAc 326399 6471 1712304
 ThTdAhAd 314314 7850 1712304
 ThTdAsAc 338484 5092 1712304
 ThTdAsAd 326399 6471 1712304
 ThTdAsAh 326399 6471 1712304
 TsTdAhAc 338484 5092 1712304
 TsTdAdAc 326399 6471 1712304
 TsTdAhAd 326399 6471 1712304
 TsTdAsAc 326399 6471 1712304
 TsTdAsAd 314314 7850 1712304
 TsTdAsAh 326399 6471 1712304
 TsThAhAc 326399 6471 1712304
 TsThAdAc 338484 5092 1712304
 TsThAsAc 326399 6471 1712304
 TsThAsAd 326399 6471 1712304
 TsThAsAh 314314 7850 1712304
 TsThAhAd 326399 6471 1712304
 JdJcAdAc 307096 8336 1712304
 JdJcAhAc 319325 6955 1712304
 JdJcAsAc 319325 6955 1712304
 JdJcAhAd 319325 6955 1712304
 JdJcAsAd 319325 6955 1712304
 JhJcAdAc 319325 6955 1712304
 JdJcAsAh 331554 5574 1712304
 JhJcAhAc 307096 8336 1712304
 JhJcAhAd 319325 6955 1712304
 JhJcAsAc 319325 6955 1712304
 JhJcAsAd 331554 5574 1712304
 JhJcAsAh 319325 6955 1712304
 JsJcAhAc 319325 6955 1712304
 JsJcAsAc 307096 8336 1712304
 JsJcAdAc 319325 6955 1712304
 JsJcAhAd 331554 5574 1712304
 JsJcAsAd 319325 6955 1712304
 JhJdAdAc 319325 6955 1712304
 JsJcAsAh 319325 6955 1712304
 JhJdAhAc 319325 6955 1712304
 JhJdAhAd 307096 8336 1712304
 JhJdAsAc 331554 5574 1712304
 JhJdAsAd 319325 6955 1712304
 JhJdAsAh 319325 6955 1712304
 JsJdAdAc 319325 6955 1712304
 JsJdAhAc 331554 5574 1712304
 JsJdAsAc 319325 6955 1712304
 JsJdAhAd 319325 6955 1712304
 JsJdAsAh 319325 6955 1712304
 JsJdAsAd 307096 8336 1712304
 JsJhAhAc 319325 6955 1712304
 JsJhAdAc 331554 5574 1712304
 JsJhAsAc 319325 6955 1712304
 JsJhAhAd 319325 6955 1712304
 JsJhAsAd 319325 6955 1712304
 JsJhAsAh 307096 8336 1712304
 QdQcAdAc 299878 8822 1712304
 QdQcAhAc 312251 7439 1712304
 QdQcAhAd 312251 7439 1712304
 QdQcAsAc 312251 7439 1712304
 QdQcAsAd 312251 7439 1712304
 QdQcAsAh 324624 6056 1712304
 QhQcAhAc 299878 8822 1712304
 QhQcAdAc 312251 7439 1712304
 QhQcAsAc 312251 7439 1712304
 QhQcAhAd 312251 7439 1712304
 QhQcAsAh 312251 7439 1712304
 QhQcAsAd 324624 6056 1712304
 QsQcAdAc 312251 7439 1712304
 QsQcAhAc 312251 7439 1712304
 QsQcAhAd 324624 6056 1712304
 QsQcAsAc 299878 8822 1712304
 QsQcAsAd 312251 7439 1712304
 QhQdAdAc 312251 7439 1712304
 QsQcAsAh 312251 7439 1712304
 QhQdAhAc 312251 7439 1712304
 QhQdAsAc 324624 6056 1712304
 QhQdAhAd 299878 8822 1712304
 QhQdAsAd 312251 7439 1712304
 QhQdAsAh 312251 7439 1712304
 QsQdAdAc 312251 7439 1712304
 QsQdAsAc 312251 7439 1712304
 QsQdAhAc 324624 6056 1712304
 QsQdAhAd 312251 7439 1712304
 QsQdAsAd 299878 8822 1712304
 QsQdAsAh 312251 7439 1712304
 QsQhAdAc 324624 6056 1712304
 QsQhAhAc 312251 7439 1712304
 QsQhAsAc 312251 7439 1712304
 QsQhAhAd 312251 7439 1712304
 QsQhAsAd 312251 7439 1712304
 QsQhAsAh 299878 8822 1712304
 KdKcAdAc 292660 9308 1712304
 KdKcAhAc 305177 7923 1712304
 KdKcAsAc 305177 7923 1712304
 KdKcAhAd 305177 7923 1712304
 KdKcAsAd 305177 7923 1712304
 KhKcAdAc 305177 7923 1712304
 KhKcAhAc 292660 9308 1712304
 KdKcAsAh 317694 6538 1712304
 KhKcAsAc 305177 7923 1712304
 KhKcAhAd 305177 7923 1712304
 KhKcAsAh 305177 7923 1712304
 KhKcAsAd 317694 6538 1712304
 KsKcAdAc 305177 7923 1712304
 KsKcAhAc 305177 7923 1712304
 KsKcAsAc 292660 9308 1712304
 KsKcAhAd 317694 6538 1712304
 KsKcAsAd 305177 7923 1712304
 KsKcAsAh 305177 7923 1712304
 KhKdAdAc 305177 7923 1712304
 KhKdAhAc 305177 7923 1712304
 KhKdAsAc 317694 6538 1712304
 KhKdAhAd 292660 9308 1712304
 KhKdAsAd 305177 7923 1712304
 KhKdAsAh 305177 7923 1712304
 KsKdAdAc 305177 7923 1712304
 KsKdAhAc 317694 6538 1712304
 KsKdAsAc 305177 7923 1712304
 KsKdAhAd 305177 7923 1712304
 KsKdAsAd 292660 9308 1712304
 KsKdAsAh 305177 7923 1712304
 KsKhAdAc 317694 6538 1712304
 KsKhAhAc 305177 7923 1712304
 KsKhAsAc 305177 7923 1712304
 KsKhAhAd 305177 7923 1712304
 KsKhAsAd 305177 7923 1712304
 KsKhAsAh 292660 9308 1712304
 AdAcAsAh 37210 1637884 1712304
 AhAcAsAd 37210 1637884 1712304
 AsAcAhAd 37210 1637884 1712304
 AhAdAsAc 37210 1637884 1712304
 AsAdAhAc 37210 1637884 1712304
 AsAhAdAc 37210 1637884 1712304
 AcQdAhAd 107904 22830 1712304
 AcQdAsAd 107904 22830 1712304
 AcQdAsAh 123893 21208 1712304
 AcQhAhAd 107904 22830 1712304
 AcQhAsAd 123893 21208 1712304
 AcQhAsAh 107904 22830 1712304
 AcQsAhAd 123893 21208 1712304
 AcQsAsAd 107904 22830 1712304
 AcQsAsAh 107904 22830 1712304
 AdQcAhAc 107904 22830 1712304
 AdQcAsAc 107904 22830 1712304
 AdQcAsAh 123893 21208 1712304
 AdQhAhAc 107904 22830 1712304
 AdQhAsAc 123893 21208 1712304
 AdQhAsAh 107904 22830 1712304
 AdQsAhAc 123893 21208 1712304
 AdQsAsAc 107904 22830 1712304
 AdQsAsAh 107904 22830 1712304
 AhQcAdAc 107904 22830 1712304
 AhQcAsAc 107904 22830 1712304
 AhQcAsAd 123893 21208 1712304
 AhQdAdAc 107904 22830 1712304
 AhQdAsAc 123893 21208 1712304
 AhQdAsAd 107904 22830 1712304
 AhQsAdAc 123893 21208 1712304
 AhQsAsAc 107904 22830 1712304
 AhQsAsAd 107904 22830 1712304
 AsQcAdAc 107904 22830 1712304
 AsQcAhAc 107904 22830 1712304
 AsQcAhAd 123893 21208 1712304
 AsQdAdAc 107904 22830 1712304
 AsQdAhAc 123893 21208 1712304
 AsQdAhAd 107904 22830 1712304
 AsQhAdAc 123893 21208 1712304
 AsQhAhAc 107904 22830 1712304
 AsQhAhAd 107904 22830 1712304
 AcQcAhAd 204050 21315 1712304
 AcQcAsAd 204050 21315 1712304
 AcQcAsAh 204050 21315 1712304
 AdQdAhAc 204050 21315 1712304
 AdQdAsAc 204050 21315 1712304
 AdQdAsAh 204050 21315 1712304
 AhQhAdAc 204050 21315 1712304
 AhQhAsAc 204050 21315 1712304
 AhQhAsAd 204050 21315 1712304
 AsQsAdAc 204050 21315 1712304
 AsQsAhAc 204050 21315 1712304
 AsQsAhAd 204050 21315 1712304
 AcKdAhAd 100271 23072 1712304
 AcKdAsAd 100271 23072 1712304
 AcKdAsAh 116416 21449 1712304
 AcKhAhAd 100271 23072 1712304
 AcKhAsAd 116416 21449 1712304
 AcKhAsAh 100271 23072 1712304
 AcKsAhAd 116416 21449 1712304
 AcKsAsAd 100271 23072 1712304
 AcKsAsAh 100271 23072 1712304
 AdKcAhAc 100271 23072 1712304
 AdKcAsAc 100271 23072 1712304
 AdKcAsAh 116416 21449 1712304
 AdKhAhAc 100271 23072 1712304
 AdKhAsAc 116416 21449 1712304
 AdKhAsAh 100271 23072 1712304
 AdKsAhAc 116416 21449 1712304
 AdKsAsAc 100271 23072 1712304
 AdKsAsAh 100271 23072 1712304
 AhKcAdAc 100271 23072 1712304
 AhKcAsAc 100271 23072 1712304
 AhKcAsAd 116416 21449 1712304
 AhKdAdAc 100271 23072 1712304
 AhKdAsAc 116416 21449 1712304
 AhKdAsAd 100271 23072 1712304
 AhKsAdAc 116416 21449 1712304
 AhKsAsAc 100271 23072 1712304
 AhKsAsAd 100271 23072 1712304
 AsKcAdAc 100271 23072 1712304
 AsKcAhAc 100271 23072 1712304
 AsKcAhAd 116416 21449 1712304
 AsKdAdAc 100271 23072 1712304
 AsKdAhAc 116416 21449 1712304
 AsKdAhAd 100271 23072 1712304
 AsKhAdAc 116416 21449 1712304
 AsKhAhAc 100271 23072 1712304
 AsKhAhAd 100271 23072 1712304
 AcKcAhAd 197131 21503 1712304
 AcKcAsAd 197131 21503 1712304
 AcKcAsAh 197131 21503 1712304
 AdKdAhAc 197131 21503 1712304
 AdKdAsAc 197131 21503 1712304
 AdKdAsAh 197131 21503 1712304
 AhKhAdAc 197131 21503 1712304
 AhKhAsAc 197131 21503 1712304
 AhKhAsAd 197131 21503 1712304
 AsKsAhAc 197131 21503 1712304
 AsKsAdAc 197131 21503 1712304
 AsKsAhAd 197131 21503 1712304
 KcQdAdAc 203161 8347 1712304
 KcQdAhAc 217039 6976 1712304
 KcQdAsAc 217039 6976 1712304
 KcQdAhAd 217081 6976 1712304
 KcQdAsAd 217081 6976 1712304
 KcQdAsAh 230959 5605 1712304
 KcQhAhAc 203161 8347 1712304
 KcQhAdAc 217039 6976 1712304
 KcQhAsAc 217039 6976 1712304
 KcQhAhAd 217081 6976 1712304
 KcQhAsAd 230959 5605 1712304
 KcQhAsAh 217081 6976 1712304
 KcQsAdAc 217039 6976 1712304
 KcQsAhAc 217039 6976 1712304
 KcQsAsAc 203161 8347 1712304
 KcQsAhAd 230959 5605 1712304
 KcQsAsAd 217081 6976 1712304
 KcQsAsAh 217081 6976 1712304
 KdQcAdAc 203161 8347 1712304
 KdQcAhAc 217081 6976 1712304
 KdQcAsAc 217081 6976 1712304
 KdQcAhAd 217039 6976 1712304
 KdQcAsAd 217039 6976 1712304
 KdQcAsAh 230959 5605 1712304
 KdQhAdAc 217039 6976 1712304
 KdQhAhAc 217081 6976 1712304
 KdQhAsAc 230959 5605 1712304
 KdQhAhAd 203161 8347 1712304
 KdQhAsAd 217039 6976 1712304
 KdQhAsAh 217081 6976 1712304
 KdQsAhAc 230959 5605 1712304
 KdQsAdAc 217039 6976 1712304
 KdQsAsAc 217081 6976 1712304
 KdQsAhAd 217039 6976 1712304
 KdQsAsAd 203161 8347 1712304
 KdQsAsAh 217081 6976 1712304
 KhQcAdAc 217081 6976 1712304
 KhQcAhAc 203161 8347 1712304
 KhQcAsAc 217081 6976 1712304
 KhQcAhAd 217039 6976 1712304
 KhQcAsAd 230959 5605 1712304
 KhQcAsAh 217039 6976 1712304
 KhQdAhAc 217039 6976 1712304
 KhQdAdAc 217081 6976 1712304
 KhQdAsAc 230959 5605 1712304
 KhQdAhAd 203161 8347 1712304
 KhQdAsAd 217081 6976 1712304
 KhQdAsAh 217039 6976 1712304
 KhQsAdAc 230959 5605 1712304
 KhQsAhAc 217039 6976 1712304
 KhQsAsAc 217081 6976 1712304
 KhQsAhAd 217039 6976 1712304
 KhQsAsAd 217081 6976 1712304
 KhQsAsAh 203161 8347 1712304
 KsQcAdAc 217081 6976 1712304
 KsQcAhAc 217081 6976 1712304
 KsQcAsAc 203161 8347 1712304
 KsQcAhAd 230959 5605 1712304
 KsQcAsAd 217039 6976 1712304
 KsQcAsAh 217039 6976 1712304
 KsQdAdAc 217081 6976 1712304
 KsQdAhAc 230959 5605 1712304
 KsQdAsAc 217039 6976 1712304
 KsQdAhAd 217081 6976 1712304
 KsQdAsAd 203161 8347 1712304
 KsQdAsAh 217039 6976 1712304
 KsQhAdAc 230959 5605 1712304
 KsQhAsAc 217039 6976 1712304
 KsQhAhAc 217081 6976 1712304
 KsQhAhAd 217081 6976 1712304
 KsQhAsAd 217039 6976 1712304
 KcQcAdAc 277634 7872 1712304
 KsQhAsAh 203161 8347 1712304
 KcQcAhAc 277634 7872 1712304
 KcQcAsAc 277634 7872 1712304
 KcQcAsAd 299588 6453 1712304
 KcQcAhAd 299588 6453 1712304
 KcQcAsAh 299588 6453 1712304
 KdQdAdAc 277634 7872 1712304
 KdQdAhAc 299588 6453 1712304
 KdQdAsAc 299588 6453 1712304
 KdQdAhAd 277634 7872 1712304
 KdQdAsAd 277634 7872 1712304
 KdQdAsAh 299588 6453 1712304
 KhQhAdAc 299588 6453 1712304
 KhQhAhAc 277634 7872 1712304
 KhQhAsAc 299588 6453 1712304
 KhQhAhAd 277634 7872 1712304
 KhQhAsAd 299588 6453 1712304
 KhQhAsAh 277634 7872 1712304
 KsQsAdAc 299588 6453 1712304
 KsQsAhAc 299588 6453 1712304
 KsQsAsAc 277634 7872 1712304
 KsQsAhAd 299588 6453 1712304
 KsQsAsAd 277634 7872 1712304
 KsQsAsAh 277634 7872 1712304
 