with deadcards best5_three_handweight ['Td', 'Ks']
  0.315   0.519   0.104   0.052   0.003   0.000   0.006   0.001   0.000
  0.400   0.475   0.077   0.039   0.005   0.000   0.004   0.001   0.000
  0.394   0.478   0.078   0.040   0.004   0.000   0.004   0.001   0.000
without deadcards best5_three_handweight
  0.310   0.521   0.105   0.053   0.003   0.000   0.007   0.001   0.000
  0.403   0.473   0.076   0.038   0.005   0.000   0.004   0.001   0.000
  0.399   0.476   0.077   0.039   0.004   0.000   0.004   0.001   0.000
without deadcards best5_three_tests ['Td', 'Ks']
  0.310   0.521   0.105   0.053   0.003   0.000   0.007   0.001   0.000
  0.403   0.473   0.076   0.038   0.005   0.000   0.004   0.001   0.000
  0.399   0.476   0.077   0.039   0.004   0.000   0.004   0.001   0.000
with deadcards best5_three_tests
  0.315   0.519   0.104   0.052   0.003   0.000   0.006   0.001   0.000
  0.400   0.475   0.077   0.039   0.005   0.000   0.004   0.001   0.000
  0.394   0.478   0.078   0.040   0.004   0.000   0.004   0.001   0.000
