with deadcards best5_three_handweight ['Td', 'Ks']
  0.315   0.519   0.104   0.052   0.003   0.000   0.006   0.001   0.000
  0.400   0.475   0.077   0.039   0.005   0.000   0.004   0.001   0.000
  0.394   0.478   0.078   0.040   0.004   0.000   0.004   0.001   0.000
without deadcards best5_three_handweight
  0.310   0.521   0.105   0.053   0.003   0.000   0.007   0.001   0.000
  0.403   0.473   0.076   0.038   0.005   0.000   0.004   0.001   0.000
  0.399   0.476   0.077   0.039   0.004   0.000   0.004   0.001   0.000
without deadcards best5_three_tests ['Td', 'Ks']
  0.310   0.521   0.105   0.053   0.003   0.000   0.007   0.001   0.000
  0.403   0.473   0.076   0.038   0.005   0.000   0.004   0.001   0.000
  0.399   0.476   0.077   0.039   0.004   0.000   0.004   0.001   0.000
with deadcards best5_three_tests
  0.315   0.519   0.104   0.052   0.003   0.000   0.006   0.001   0.000
  0.400   0.475   0.077   0.039   0.005   0.000   0.004   0.001   0.000
  0.394   0.478   0.078   0.040   0.004   0.000   0.004   0.001   0.000
with deadcards best5_two_handweight ['Td', 'Ks']
  0.341   0.524   0.079   0.049   0.003   0.000   0.003   0.001   0.000
  0.433   0.466   0.061   0.032   0.005   0.000   0.002   0.000   0.000
  0.427   0.470   0.062   0.033   0.005   0.000   0.002   0.000   0.000
without deadcards best5_two_handweight ['Td', 'Ks']
  0.336   0.527   0.080   0.050   0.003   0.000   0.003   0.001   0.000
  0.437   0.464   0.060   0.031   0.005   0.000   0.002   0.000   0.000
  0.432   0.467   0.061   0.032   0.005   0.000   0.002   0.000   0.000
  with deadcards best5_two_tests
  0.341   0.524   0.079   0.049   0.003   0.000   0.003   0.001   0.000
  0.433   0.466   0.061   0.032   0.005   0.000   0.002   0.000   0.000
  0.427   0.470   0.062   0.033   0.005   0.000   0.002   0.000   0.000
  without deadcards best5_two_tests
  0.336   0.527   0.080   0.050   0.003   0.000   0.003   0.001   0.000
  0.437   0.464   0.060   0.031   0.005   0.000   0.002   0.000   0.000
  0.432   0.467   0.061   0.032   0.005   0.000   0.002   0.000   0.000
