  NoPair  OnePair TwoPair Trips Straight  Flush   FlHouse Quads   StFlush 
  0.310   0.521   0.105   0.053   0.003   0.000   0.007   0.001   0.000 
  0.403   0.473   0.076   0.038   0.005   0.000   0.004   0.001   0.000 
  0.399   0.476   0.077   0.039   0.004   0.000   0.004   0.001   0.000 
  NoPair  OnePair TwoPair Trips Straight  Flush   FlHouse Quads   StFlush 
  0.310   0.521   0.105   0.053   0.003   0.000   0.007   0.001   0.000 
  0.403   0.473   0.076   0.038   0.005   0.000   0.004   0.001   0.000 
  0.399   0.476   0.077   0.039   0.004   0.000   0.004   0.001   0.000 
  NoPair  OnePair TwoPair Trips Straight  Flush   FlHouse Quads   StFlush 
  0.310   0.521   0.105   0.053   0.003   0.000   0.007   0.001   0.000 
  0.403   0.473   0.076   0.038   0.005   0.000   0.004   0.001   0.000 
  0.399   0.476   0.077   0.039   0.004   0.000   0.004   0.001   0.000 
